{
    "cx": 713.5708760457305,
    "cy": 353.7366047832198,
    "fx": 1101.722069836791,
    "fy": 1071.0470077842438,
    "k1": -0.6635184915525322,
    "k2": 0.452232040924417,
    "k3": -0.2630255221397152,
    "p1": 0.0024713521897372485,
    "p2": -0.029115945703352283
}
